1 1 1
2 4 7
3 7 7
4 10 20
5 13 27
6 16 38
7 19 35
8 22 53
9 25 70
10 28 67
11 31 82
12 34 97
13 37 101
14 40 115
15 43 136
16 46 147
17 49 162
18 52 175
19 55 184
20 58 206
21 61 195
22 64 226
23 67 237
24 70 250
25 73 251
26 76 279
27 79 272
28 82 293
29 85 307
30 88 298
31 91 339
32 94 352
33 97 366
34 100 388
35 103 399
36 106 388
37 109 445
38 112 457
39 115 442
40 118 448
41 121 475
42 124 492
43 127 494
44 130 517
45 133 560
46 136 566
47 139 562
48 142 591
49 145 600
50 148 599
51 151 625
52 154 646
53 157 638
54 160 665
55 163 685
56 166 716
57 169 716
58 172 745
59 175 747
60 178 741
61 181 795
62 184 789
63 187 793
64 190 809
65 193 831
66 196 866
67 199 877
68 202 889
69 205 906
70 208 929
71 211 953
72 214 970
73 217 961
74 220 984
75 223 1023
76 226 1031
77 229 1041
78 232 1046
79 235 1117
80 238 1106
81 241 1101
82 244 1126
83 247 1182
84 250 1157
85 253 1141
86 256 1186
87 259 1235
88 262 1222
89 265 1225
90 268 1239
91 271 1259
92 274 1293
93 277 1314
94 280 1315
95 283 1328
96 286 1356
97 289 1370
98 292 1386
99 295 1406
100 298 1425
101 301 1458
102 304 1411
103 307 1488
104 310 1486
105 313 1500
106 316 1504
107 319 1588
108 322 1558
109 325 1583
110 328 1613
111 331 1627
112 334 1634
113 337 1617
114 340 1658
115 343 1725
116 346 1736
117 349 1704
118 352 1748
119 355 1778
120 358 1735
121 361 1800
122 364 1810
123 367 1831
124 370 1828
125 373 1883
126 376 1885
127 379 1895
128 382 1935
129 385 1927
130 388 1974
131 391 1957
132 394 1985
133 397 2016
134 400 2002
135 403 2045
136 406 2079
137 409 2111
138 412 2121
139 415 2119
140 418 2126
141 421 2108
142 424 2175
143 427 2204
144 430 2252
145 433 2231
146 436 2242
147 439 2219
148 442 2309
149 445 2316
150 448 2344
151 451 2359
152 454 2323
153 457 2359
154 460 2417
155 463 2451
156 466 2401
157 469 2469
158 472 2444
159 475 2479
160 478 2515
161 481 2513
162 484 2552
163 487 2556
164 490 2632
165 493 2627
166 496 2597
167 499 2624
168 502 2665
169 505 2674
170 508 2675
171 511 2709
172 514 2747
173 517 2755
174 520 2773
175 523 2800
176 526 2797
177 529 2808
178 532 2875
179 535 2838
180 538 2875
181 541 2876
182 544 2935
183 547 2960
184 550 3018
185 553 2997
186 556 3010
187 559 3026
188 562 3023
189 565 3031
190 568 3116
191 571 3093
192 574 3089
193 577 3079
194 580 3144
195 583 3195
196 586 3201
197 589 3185
198 592 3208
199 595 3255
200 598 3268
201 601 3323
202 604 3278
203 607 3309
204 610 3334
205 613 3390
206 616 3404
207 619 3390
208 622 3394
209 625 3468
210 628 3462
211 631 3478
212 634 3484
213 637 3481
214 640 3503
215 643 3550
216 646 3563
217 649 3585
218 652 3644
219 655 3647
220 658 3632
221 661 3700
222 664 3701
223 667 3693
224 670 3750
225 673 3783
226 676 3761
227 679 3776
228 682 3782
229 685 3773
230 688 3836
231 691 3863
232 694 3819
233 697 3871
234 700 3914
235 703 3891
236 706 3938
237 709 3978
238 712 4015
239 715 4020
240 718 4026
241 721 3999
242 724 4102
243 727 4107
244 730 4074
245 733 4149
246 736 4183
247 739 4186
248 742 4166
249 745 4186
250 748 4194
251 751 4250
252 754 4230
253 757 4305
254 760 4332
255 763 4324
256 766 4384
257 769 4330
258 772 4334
259 775 4445
260 778 4418
261 781 4410
262 784 4428
263 787 4478
264 790 4486
265 793 4529
266 796 4562
267 799 4568
268 802 4577
269 805 4577
270 808 4643
271 811 4626
272 814 4638
273 817 4686
274 820 4714
275 823 4697
276 826 4764
277 829 4739
278 832 4733
279 835 4808
280 838 4858
281 841 4847
282 844 4835
283 847 4892
284 850 4899
285 853 4891
286 856 4998
287 859 4950
288 862 5040
289 865 5016
290 868 4987
291 871 5068
292 874 5031
293 877 5098
294 880 5141
295 883 5124
296 886 5154
297 889 5250
298 892 5232
299 895 5240
300 898 5282
301 901 5250
302 904 5289
303 907 5252
304 910 5318
305 913 5354
306 916 5310
307 919 5361
308 922 5361
309 925 5448
310 928 5406
311 931 5445
312 934 5506
313 937 5498
314 940 5512
315 943 5560
316 946 5616
317 949 5582
318 952 5644
319 955 5645
320 958 5617
321 961 5691
322 964 5636
323 967 5713
324 970 5782
325 973 5721
326 976 5800
327 979 5859
328 982 5746
329 985 5843
330 988 5812
331 991 5904
332 994 5916
333 997 5939
334 1000 5914
335 1003 5931
336 1006 5988
337 1009 6037
338 1012 6062
339 1015 6011
340 1018 6072
341 1021 6091
342 1024 6132
343 1027 6162
344 1030 6160
345 1033 6156
346 1036 6171
347 1039 6300
348 1042 6289
349 1045 6225
350 1048 6286
351 1051 6286
352 1054 6324
353 1057 6383
354 1060 6334
355 1063 6361
356 1066 6367
357 1069 6378
358 1072 6467
359 1075 6458
360 1078 6468
361 1081 6446
362 1084 6479
363 1087 6520
364 1090 6604
365 1093 6530
366 1096 6521
367 1099 6583
368 1102 6653
369 1105 6724
370 1108 6698
371 1111 6731
372 1114 6756
373 1117 6797
374 1120 6753
375 1123 6792
376 1126 6790
377 1129 6812
378 1132 6860
379 1135 6821
380 1138 6862
381 1141 6898
382 1144 6976
383 1147 6933
384 1150 7016
385 1153 6999
386 1156 7048
387 1159 7038
388 1162 7129
389 1165 7116
390 1168 7080
391 1171 7096
392 1174 7117
393 1177 7235
394 1180 7156
395 1183 7228
396 1186 7127
397 1189 7274
398 1192 7305
399 1195 7261
400 1198 7297
401 1201 7330
402 1204 7284
403 1207 7370
404 1210 7433
405 1213 7423
406 1216 7425
407 1219 7452
408 1222 7457
409 1225 7516
410 1228 7576
411 1231 7576
412 1234 7586
413 1237 7632
414 1240 7597
415 1243 7625
416 1246 7688
417 1249 7676
418 1252 7717
419 1255 7671
420 1258 7782
421 1261 7723
422 1264 7726
423 1267 7818
424 1270 7871
425 1273 7813
426 1276 7799
427 1279 7907
428 1282 7914
429 1285 7940
430 1288 7925
431 1291 7919
432 1294 7949
433 1297 8016
434 1300 8077
435 1303 8033
436 1306 8073
437 1309 8129
438 1312 8096
439 1315 8097
440 1318 8113
441 1321 8188
442 1324 8227
443 1327 8226
444 1330 8256
445 1333 8276
446 1336 8284
447 1339 8282
448 1342 8288
449 1345 8249
450 1348 8300
451 1351 8380
452 1354 8332
453 1357 8481
454 1360 8461
455 1363 8490
456 1366 8482
457 1369 8516
458 1372 8484
459 1375 8569
460 1378 8604
461 1381 8583
462 1384 8672
463 1387 8666
464 1390 8672
465 1393 8708
466 1396 8726
467 1399 8764
468 1402 8775
469 1405 8750
470 1408 8800
471 1411 8815
472 1414 8858
473 1417 8859
474 1420 8864
475 1423 8869
476 1426 8879
477 1429 8871
478 1432 8923
479 1435 8944
480 1438 9045
481 1441 9006
482 1444 9031
483 1447 9076
484 1450 9054
485 1453 9143
486 1456 9167
487 1459 9134
488 1462 9130
489 1465 9146
490 1468 9243
491 1471 9239
492 1474 9243
493 1477 9263
494 1480 9326
495 1483 9378
496 1486 9362
497 1489 9348
498 1492 9349
499 1495 9419
500 1498 9465
501 1501 9455
502 1504 9451
503 1507 9568
504 1510 9525
505 1513 9532
506 1516 9570
507 1519 9679
508 1522 9614
509 1525 9652
510 1528 9692
511 1531 9618
512 1534 9631
513 1537 9635
514 1540 9715
515 1543 9790
516 1546 9760
517 1549 9831
518 1552 9778
519 1555 9806
520 1558 9848
521 1561 9874
522 1564 9876
523 1567 9900
524 1570 9987
525 1573 9958
526 1576 10013
527 1579 10015
528 1582 10031
529 1585 10090
530 1588 10063
531 1591 10073
532 1594 10064
533 1597 10187
534 1600 10179
535 1603 10158
536 1606 10228
537 1609 10185
538 1612 10270
539 1615 10348
540 1618 10307
541 1621 10304
542 1624 10361
543 1627 10397
544 1630 10429
545 1633 10368
546 1636 10433
547 1639 10454
548 1642 10435
549 1645 10527
550 1648 10546
551 1651 10591
552 1654 10598
553 1657 10534
554 1660 10642
555 1663 10631
556 1666 10685
557 1669 10734
558 1672 10756
559 1675 10739
560 1678 10793
561 1681 10767
562 1684 10838
563 1687 10843
564 1690 10923
565 1693 10876
566 1696 10846
567 1699 10965
568 1702 10978
569 1705 10916
570 1708 11066
571 1711 11006
572 1714 11044
573 1717 11000
574 1720 11104
575 1723 11049
576 1726 11159
577 1729 11172
578 1732 11187
579 1735 11135
580 1738 11271
581 1741 11225
582 1744 11274
583 1747 11235
584 1750 11355
585 1753 11325
586 1756 11408
587 1759 11353
588 1762 11475
589 1765 11389
590 1768 11511
591 1771 11495
592 1774 11517
593 1777 11553
594 1780 11536
595 1783 11567
596 1786 11613
597 1789 11554
598 1792 11625
599 1795 11676
600 1798 11600
601 1801 11717
602 1804 11696
603 1807 11759
604 1810 11790
605 1813 11725
606 1816 11791
607 1819 11827
608 1822 11862
609 1825 11842
610 1828 11957
611 1831 11892
612 1834 11898
613 1837 12008
614 1840 11997
615 1843 11969
616 1846 12112
617 1849 12052
618 1852 12029
619 1855 12082
620 1858 12135
621 1861 12197
622 1864 12111
623 1867 12194
624 1870 12260
625 1873 12233
626 1876 12277
627 1879 12270
628 1882 12248
629 1885 12315
630 1888 12321
631 1891 12415
632 1894 12351
633 1897 12423
634 1900 12373
635 1903 12556
636 1906 12552
637 1909 12485
638 1912 12568
639 1915 12492
640 1918 12580
641 1921 12634
642 1924 12628
643 1927 12609
644 1930 12672
645 1933 12714
646 1936 12678
647 1939 12710
648 1942 12706
649 1945 12716
650 1948 12864
651 1951 12822
652 1954 12872
653 1957 12847
654 1960 12928
655 1963 12863
656 1966 12975
657 1969 13011
658 1972 13056
659 1975 13038
660 1978 13068
661 1981 13057
662 1984 13180
663 1987 13106
664 1990 13080
665 1993 13130
666 1996 13253
667 1999 13245
668 2002 13206
669 2005 13205
670 2008 13270
671 2011 13313
672 2014 13345
673 2017 13352
674 2020 13385
675 2023 13351
676 2026 13425
677 2029 13417
678 2032 13355
679 2035 13425
680 2038 13357
681 2041 13537
682 2044 13533
683 2047 13720
684 2050 13578
685 2053 13515
686 2056 13571
687 2059 13587
688 2062 13683
689 2065 13735
690 2068 13769
691 2071 13749
692 2074 13811
693 2077 13776
694 2080 13809
695 2083 13889
696 2086 13857
697 2089 13822
698 2092 13938
699 2095 13919
700 2098 13969
701 2101 13968
702 2104 13988
703 2107 14094
704 2110 14013
705 2113 14053
706 2116 14106
707 2119 14122
708 2122 14115
709 2125 14048
710 2128 14212
711 2131 14201
712 2134 14276
713 2137 14350
714 2140 14259
715 2143 14259
716 2146 14243
717 2149 14322
718 2152 14321
719 2155 14372
720 2158 14419
721 2161 14439
722 2164 14536
723 2167 14426
724 2170 14469
725 2173 14576
726 2176 14565
727 2179 14601
728 2182 14667
729 2185 14603
730 2188 14540
731 2191 14575
732 2194 14688
733 2197 14682
734 2200 14687
735 2203 14735
736 2206 14763
737 2209 14803
738 2212 14800
739 2215 14875
740 2218 14796
741 2221 14916
742 2224 14959
743 2227 14938
744 2230 14975
745 2233 14883
746 2236 14942
747 2239 15009
748 2242 14949
749 2245 15107
750 2248 15107
751 2251 15160
752 2254 15176
753 2257 15182
754 2260 15198
755 2263 15168
756 2266 15197
757 2269 15221
758 2272 15249
759 2275 15286
760 2278 15304
761 2281 15306
762 2284 15354
763 2287 15296
764 2290 15434
765 2293 15431
766 2296 15490
767 2299 15455
768 2302 15530
769 2305 15496
770 2308 15527
771 2311 15496
772 2314 15751
773 2317 15546
774 2320 15560
775 2323 15621
776 2326 15787
777 2329 15668
778 2332 15774
779 2335 15786
780 2338 15729
781 2341 15724
782 2344 15708
783 2347 15767
784 2350 15918
785 2353 15889
786 2356 15825
787 2359 15920
788 2362 15968
789 2365 16036
790 2368 15988
791 2371 16043
792 2374 16105
793 2377 16019
794 2380 16112
795 2383 16132
796 2386 16144
797 2389 16235
798 2392 16161
799 2395 16273
800 2398 16310
801 2401 16270
802 2404 16212
803 2407 16327
804 2410 16298
805 2413 16385
806 2416 16427
807 2419 16417
808 2422 16406
809 2425 16491
810 2428 16494
811 2431 16457
812 2434 16591
813 2437 16607
814 2440 16552
815 2443 16614
816 2446 16629
817 2449 16534
818 2452 16746
819 2455 16563
820 2458 16701
821 2461 16695
822 2464 16691
823 2467 16697
824 2470 16905
825 2473 16874
826 2476 16880
827 2479 16897
828 2482 16887
829 2485 16931
830 2488 16967
831 2491 16930
832 2494 16985
833 2497 16987
834 2500 17016
835 2503 17136
836 2506 17121
837 2509 17070
838 2512 17122
839 2515 17145
840 2518 17169
841 2521 17265
842 2524 17216
843 2527 17130
844 2530 17219
845 2533 17122
846 2536 17339
847 2539 17327
848 2542 17350
849 2545 17223
850 2548 17288
851 2551 17370
852 2554 17522
853 2557 17488
854 2560 17347
855 2563 17565
856 2566 17644
857 2569 17532
858 2572 17592
859 2575 17544
860 2578 17654
861 2581 17640
862 2584 17727
863 2587 17598
864 2590 17666
865 2593 17755
866 2596 17713
867 2599 17756
868 2602 17789
869 2605 17818
870 2608 17844
871 2611 17873
872 2614 17916
873 2617 17884
874 2620 17949
875 2623 17900
876 2626 17983
877 2629 18022
878 2632 18002
879 2635 18117
880 2638 18146
881 2641 18173
882 2644 18032
883 2647 18156
884 2650 18326
885 2653 18281
886 2656 18420
887 2659 18263
888 2662 18328
889 2665 18387
890 2668 18307
891 2671 18325
892 2674 18358
893 2677 18379
894 2680 18294
895 2683 18433
896 2686 18453
897 2689 18466
898 2692 18489
899 2695 18561
900 2698 18594
901 2701 18592
902 2704 18625
903 2707 18505
904 2710 18685
905 2713 18652
906 2716 18696
907 2719 18702
908 2722 18830
909 2725 18718
910 2728 18771
911 2731 18802
912 2734 18838
913 2737 18832
914 2740 18952
915 2743 18899
916 2746 18864
917 2749 18990
918 2752 18929
919 2755 19052
920 2758 18985
921 2761 19024
922 2764 19179
923 2767 19039
924 2770 19041
925 2773 19117
926 2776 19093
927 2779 19190
928 2782 19178
929 2785 19255
930 2788 19142
931 2791 19327
932 2794 19166
933 2797 19321
934 2800 19321
935 2803 19286
936 2806 19319
937 2809 19378
938 2812 19387
939 2815 19469
940 2818 19580
941 2821 19400
942 2824 19514
943 2827 19640
944 2830 19525
945 2833 19547
946 2836 19637
947 2839 19552
948 2842 19557
949 2845 19670
950 2848 19675
951 2851 19709
952 2854 19796
953 2857 19712
954 2860 19749
955 2863 19829
956 2866 19810
957 2869 19997
958 2872 19798
959 2875 19936
960 2878 19998
961 2881 19880
962 2884 19920
963 2887 20161
964 2890 19891
965 2893 19896
966 2896 20051
967 2899 20045
968 2902 20062
969 2905 20267
970 2908 20048
971 2911 20283
972 2914 20067
973 2917 20300
974 2920 20230
975 2923 20296
976 2926 20291
977 2929 20262
978 2932 20412
979 2935 20376
980 2938 20337
981 2941 20564
982 2944 20402
983 2947 20500
984 2950 20537
985 2953 20518
986 2956 20542
987 2959 20477
988 2962 20542
989 2965 20624
990 2968 20574
991 2971 20662
992 2974 20716
993 2977 20766
994 2980 20771
995 2983 20760
996 2986 20679
997 2989 20821
998 2992 20730
999 2995 20696
1000 2998 20880
