1 1
2 8
3 17
4 19
5 28
6 39
7 48
8 59
9 63
10 74
11 78
12 89
13 93
14 104
15 117
16 128
17 141
18 152
19 165
20 176
21 189
22 200
23 213
24 219
25 232
26 238
27 251
28 257
29 270
30 276
31 289
32 295
33 308
34 314
35 327
36 333
37 346
38 352
39 365
40 371
41 384
42 399
43 412
44 427
45 440
46 455
47 468
48 483
49 496
50 511
51 524
52 539
53 552
54 567
55 580
56 595
57 608
58 623
59 636
60 651
61 664
62 679
63 692
64 707
65 720
66 735
67 748
68 763
69 771
70 786
71 794
72 809
73 817
74 832
75 840
76 855
77 863
78 878
79 886
80 901
81 909
82 924
83 932
84 947
85 955
86 970
87 978
88 993
89 1001
90 1016
91 1024
92 1039
93 1047
94 1062
95 1070
96 1085
97 1093
98 1108
99 1116
100 1131
101 1139
102 1154
103 1162
104 1177
105 1185
106 1200
107 1208
108 1223
109 1231
110 1246
111 1254
112 1269
113 1277
114 1292
115 1300
116 1315
117 1323
118 1338
119 1346
120 1361
121 1369
122 1384
123 1401
124 1416
125 1433
126 1448
127 1465
128 1480
129 1497
130 1512
131 1529
132 1544
133 1561
134 1576
135 1593
136 1608
137 1625
138 1640
139 1657
140 1672
141 1689
142 1704
143 1721
144 1736
145 1753
146 1768
147 1785
148 1800
149 1817
150 1832
151 1849
152 1864
153 1881
154 1896
155 1913
156 1928
157 1945
158 1960
159 1977
160 1992
161 2009
162 2024
163 2041
164 2056
165 2073
166 2088
167 2105
168 2120
169 2137
170 2152
171 2169
172 2184
173 2201
174 2216
175 2233
176 2248
177 2265
178 2280
179 2297
180 2312
181 2329
182 2344
183 2361
184 2376
185 2393
186 2408
187 2425
188 2440
189 2457
190 2472
191 2489
192 2504
193 2521
194 2536
195 2553
196 2568
197 2585
198 2600
199 2617
200 2632
201 2649
202 2664
203 2681
204 2691
205 2708
206 2718
207 2735
208 2745
209 2762
210 2772
211 2789
212 2799
213 2816
214 2826
215 2843
216 2853
217 2870
218 2880
219 2897
220 2907
221 2924
222 2934
223 2951
224 2961
225 2978
226 2988
227 3005
228 3015
229 3032
230 3042
231 3059
232 3069
233 3086
234 3096
235 3113
236 3123
237 3140
238 3150
239 3167
240 3177
241 3194
242 3204
243 3221
244 3231
245 3248
246 3258
247 3275
248 3285
249 3302
250 3312
251 3329
252 3339
253 3356
254 3366
255 3383
256 3393
257 3410
258 3420
259 3437
260 3447
261 3464
262 3474
263 3491
264 3501
265 3518
266 3528
267 3545
268 3555
269 3572
270 3582
271 3599
272 3609
273 3626
274 3636
275 3653
276 3663
277 3680
278 3690
279 3707
280 3717
281 3734
282 3744
283 3761
284 3771
285 3788
286 3798
287 3815
288 3825
289 3842
290 3852
291 3869
292 3879
293 3896
294 3906
295 3923
296 3933
297 3950
298 3960
299 3977
300 3987
301 4004
302 4014
303 4031
304 4041
305 4058
306 4068
307 4085
308 4095
309 4112
310 4122
311 4139
312 4149
313 4166
314 4176
315 4193
316 4203
317 4220
318 4230
319 4247
320 4257
321 4274
322 4284
323 4301
324 4311
325 4328
326 4338
327 4355
328 4365
329 4382
330 4392
331 4409
332 4419
333 4436
334 4446
335 4463
336 4473
337 4490
338 4500
339 4517
340 4527
341 4544
342 4554
343 4571
344 4581
345 4598
346 4608
347 4625
348 4635
349 4652
350 4662
351 4679
352 4689
353 4706
354 4716
355 4733
356 4743
357 4760
358 4770
359 4787
360 4797
361 4814
362 4824
363 4841
364 4851
365 4868
366 4887
367 4904
368 4923
369 4940
370 4959
371 4976
372 4995
373 5012
374 5031
375 5048
376 5067
377 5084
378 5103
379 5120
380 5139
381 5156
382 5175
383 5192
384 5211
385 5228
386 5247
387 5264
388 5283
389 5300
390 5319
391 5336
392 5355
393 5372
394 5391
395 5408
396 5427
397 5444
398 5463
399 5480
400 5499
401 5516
402 5535
403 5552
404 5571
405 5588
406 5607
407 5624
408 5643
409 5660
410 5679
411 5696
412 5715
413 5732
414 5751
415 5768
416 5787
417 5804
418 5823
419 5840
420 5859
421 5876
422 5895
423 5912
424 5931
425 5948
426 5967
427 5984
428 6003
429 6020
430 6039
431 6056
432 6075
433 6092
434 6111
435 6128
436 6147
437 6164
438 6183
439 6200
440 6219
441 6236
442 6255
443 6272
444 6291
445 6308
446 6327
447 6344
448 6363
449 6380
450 6399
451 6416
452 6435
453 6452
454 6471
455 6488
456 6507
457 6524
458 6543
459 6560
460 6579
461 6596
462 6615
463 6632
464 6651
465 6668
466 6687
467 6704
468 6723
469 6740
470 6759
471 6776
472 6795
473 6812
474 6831
475 6848
476 6867
477 6884
478 6903
479 6920
480 6939
481 6956
482 6975
483 6992
484 7011
485 7028
486 7047
487 7064
488 7083
489 7100
490 7119
491 7136
492 7155
493 7172
494 7191
495 7208
496 7227
497 7244
498 7263
499 7280
500 7299
501 7316
502 7335
503 7352
504 7371
505 7388
506 7407
507 7424
508 7443
509 7460
510 7479
511 7496
512 7515
513 7532
514 7551
515 7568
516 7587
517 7604
518 7623
519 7640
520 7659
521 7676
522 7695
523 7712
524 7731
525 7748
526 7767
527 7784
528 7803
529 7820
530 7839
531 7856
532 7875
533 7892
534 7911
535 7928
536 7947
537 7964
538 7983
539 8000
540 8019
541 8036
542 8055
543 8072
544 8091
545 8108
546 8127
547 8144
548 8163
549 8180
550 8199
551 8216
552 8235
553 8252
554 8271
555 8288
556 8307
557 8324
558 8343
559 8360
560 8379
561 8396
562 8415
563 8432
564 8451
565 8468
566 8487
567 8504
568 8523
569 8540
570 8559
571 8576
572 8595
573 8612
574 8631
575 8648
576 8667
577 8684
578 8703
579 8720
580 8739
581 8756
582 8775
583 8792
584 8811
585 8828
586 8847
587 8864
588 8883
589 8900
590 8919
591 8936
592 8955
593 8972
594 8991
595 9008
596 9027
597 9044
598 9063
599 9080
600 9099
601 9116
602 9135
603 9152
604 9171
605 9188
606 9207
607 9224
608 9243
609 9255
610 9274
611 9286
612 9305
613 9317
614 9336
615 9348
616 9367
617 9379
618 9398
619 9410
620 9429
621 9441
622 9460
623 9472
624 9491
625 9503
626 9522
627 9534
628 9553
629 9565
630 9584
631 9596
632 9615
633 9627
634 9646
635 9658
636 9677
637 9689
638 9708
639 9720
640 9739
641 9751
642 9770
643 9782
644 9801
645 9813
646 9832
647 9844
648 9863
649 9875
650 9894
651 9906
652 9925
653 9937
654 9956
655 9968
656 9987
657 9999
658 10018
659 10030
660 10049
661 10061
662 10080
663 10092
664 10111
665 10123
666 10142
667 10154
668 10173
669 10185
670 10204
671 10216
672 10235
673 10247
674 10266
675 10278
676 10297
677 10309
678 10328
679 10340
680 10359
681 10371
682 10390
683 10402
684 10421
685 10433
686 10452
687 10464
688 10483
689 10495
690 10514
691 10526
692 10545
693 10557
694 10576
695 10588
696 10607
697 10619
698 10638
699 10650
700 10669
701 10681
702 10700
703 10712
704 10731
705 10743
706 10762
707 10774
708 10793
709 10805
710 10824
711 10836
712 10855
713 10867
714 10886
715 10898
716 10917
717 10929
718 10948
719 10960
720 10979
721 10991
722 11010
723 11022
724 11041
725 11053
726 11072
727 11084
728 11103
729 11115
730 11134
731 11146
732 11165
733 11177
734 11196
735 11208
736 11227
737 11239
738 11258
739 11270
740 11289
741 11301
742 11320
743 11332
744 11351
745 11363
746 11382
747 11394
748 11413
749 11425
750 11444
751 11456
752 11475
753 11487
754 11506
755 11518
756 11537
757 11549
758 11568
759 11580
760 11599
761 11611
762 11630
763 11642
764 11661
765 11673
766 11692
767 11704
768 11723
769 11735
770 11754
771 11766
772 11785
773 11797
774 11816
775 11828
776 11847
777 11859
778 11878
779 11890
780 11909
781 11921
782 11940
783 11952
784 11971
785 11983
786 12002
787 12014
788 12033
789 12045
790 12064
791 12076
792 12095
793 12107
794 12126
795 12138
796 12157
797 12169
798 12188
799 12200
800 12219
801 12231
802 12250
803 12262
804 12281
805 12293
806 12312
807 12324
808 12343
809 12355
810 12374
811 12386
812 12405
813 12417
814 12436
815 12448
816 12467
817 12479
818 12498
819 12510
820 12529
821 12541
822 12560
823 12572
824 12591
825 12603
826 12622
827 12634
828 12653
829 12665
830 12684
831 12696
832 12715
833 12727
834 12746
835 12758
836 12777
837 12789
838 12808
839 12820
840 12839
841 12851
842 12870
843 12882
844 12901
845 12913
846 12932
847 12944
848 12963
849 12975
850 12994
851 13006
852 13025
853 13037
854 13056
855 13068
856 13087
857 13099
858 13118
859 13130
860 13149
861 13161
862 13180
863 13192
864 13211
865 13223
866 13242
867 13254
868 13273
869 13285
870 13304
871 13316
872 13335
873 13347
874 13366
875 13378
876 13397
877 13409
878 13428
879 13440
880 13459
881 13471
882 13490
883 13502
884 13521
885 13533
886 13552
887 13564
888 13583
889 13595
890 13614
891 13626
892 13645
893 13657
894 13676
895 13688
896 13707
897 13719
898 13738
899 13750
900 13769
901 13781
902 13800
903 13812
904 13831
905 13843
906 13862
907 13874
908 13893
909 13905
910 13924
911 13936
912 13955
913 13967
914 13986
915 13998
916 14017
917 14029
918 14048
919 14060
920 14079
921 14091
922 14110
923 14122
924 14141
925 14153
926 14172
927 14184
928 14203
929 14215
930 14234
931 14246
932 14265
933 14277
934 14296
935 14308
936 14327
937 14339
938 14358
939 14370
940 14389
941 14401
942 14420
943 14432
944 14451
945 14463
946 14482
947 14494
948 14513
949 14525
950 14544
951 14556
952 14575
953 14587
954 14606
955 14618
956 14637
957 14649
958 14668
959 14680
960 14699
961 14711
962 14730
963 14742
964 14761
965 14773
966 14792
967 14804
968 14823
969 14835
970 14854
971 14866
972 14885
973 14897
974 14916
975 14928
976 14947
977 14959
978 14978
979 14990
980 15009
981 15021
982 15040
983 15052
984 15071
985 15083
986 15102
987 15114
988 15133
989 15145
990 15164
991 15176
992 15195
993 15207
994 15226
995 15238
996 15257
997 15269
998 15288
999 15300
1000 15319
